id,Status_C,Status_CL,Status_D
15000,0.9106623020739691,0.04348663147855347,0.04585106644747751
15001,0.9721067536975666,0.0032602979257051975,0.024632948376728317
15002,0.9239936094140772,0.002511515136025825,0.07349487544989715
15003,0.8924984227205822,0.004669341884329105,0.10283223539508887
15004,0.975743293063501,0.004971491898773518,0.019285215037725352
15005,0.9879854908726483,0.0031505684255679458,0.00886394070178369
15006,0.1471867922648161,0.0044045785298707976,0.848408629205313
15007,0.48340449159914467,0.04048329443596718,0.4761122139648881
15008,0.9192648374992133,0.010764324386978294,0.06997083811380844
15009,0.9851523811332725,0.00049091478431264,0.01435670408241481
15010,0.8782933224687546,0.007114905624752791,0.11459177190649265
15011,0.06883601343999642,0.028266648188059136,0.9028973383719445
15012,0.6833097423938684,0.001752995369604174,0.3149372622365275
15013,0.944041565542897,0.0043844648237471445,0.05157396963335577
15014,0.010488246203276479,0.003809703226825932,0.9857020505698977
15015,0.9947069649928696,0.0010233463323279892,0.00426968867480243
15016,0.3852776137016044,0.06325231574926472,0.5514700705491309
15017,0.8963827398923836,0.006866531569506323,0.09675072853811015
15018,0.9837277725596243,0.0040166919927899555,0.012255535447585685
15019,0.0009348900148461776,0.00014234047117959604,0.9989227695139742
15020,0.9486464485331032,0.005421035842235213,0.045932515624661684
15021,0.24324685342073762,0.00451618645105782,0.7522369601282046
15022,0.016037451421029886,0.002905309378073817,0.9810572392008964
15023,0.844446057863445,0.0013892340603865025,0.15416470807616853
15024,0.32343272577072185,0.018823629408644592,0.6577436448206336
15025,0.9789772175686405,0.0035937487901703652,0.017429033641189057
15026,0.8552275007907589,0.004160423925788426,0.14061207528345288
15027,0.005552326801350602,0.0005205467428869041,0.9939271264557624
15028,0.8750527180530451,0.0047450438414021155,0.12020223810555289
15029,0.843122776944728,0.011871668405134251,0.14500555465013767
15030,0.0034769498099309977,0.0009946716200303983,0.9955283785700386
15031,0.5000836388704145,0.022662864642303465,0.477253496487282
15032,0.3051881268916842,0.04619365108983303,0.6486182220184827
15033,0.6023924552116182,0.09812996971187866,0.299477575076503
15034,0.2976349100034448,0.011849159088803704,0.6905159309077514
15035,0.9590285496738821,0.0026501245647862653,0.038321325761331605
15036,0.9606154024315355,0.0039061917393787755,0.03547840582908575
15037,0.9653825564286932,0.004846721695376509,0.029770721875930335
15038,0.5176677183573373,0.13843842196219158,0.34389385968047115
15039,0.9008121175353517,0.012022683938145597,0.08716519852650273
15040,0.9072673579029747,0.0035866440245017708,0.08914599807252346
15041,0.15438304714808992,0.01073343473280542,0.8348835181191046
15042,0.587416918177691,0.2754085841313102,0.1371744976909987
15043,0.4033540025391943,0.06755138817015258,0.5290946092906532
15044,0.8996785074007645,0.021784890508944953,0.07853660209029065
15045,0.0041635699486907984,0.00036944914208145223,0.9954669809092278
15046,0.8122310031868101,0.006891137582006057,0.18087785923118394
15047,0.42324258186807806,0.014103165079245396,0.5626542530526765
15048,0.9359316177292442,0.011483422646525432,0.05258495962423045
15049,0.7855899339104376,0.009378796394858547,0.20503126969470392
15050,0.044258834481433466,0.001109339912338153,0.9546318256062283
15051,0.03234342473599684,0.0008033183691365336,0.9668532568948666
15052,0.030705228204375684,0.0022674650326140744,0.9670273067630103
15053,0.07303691665891307,0.0023796860006227707,0.924583397340464
15054,0.9461833902812007,0.001513766709645587,0.0523028430091537
15055,0.9293106634103836,0.00888673789318357,0.06180259869643297
15056,0.9725484432371214,0.0021728820335965306,0.025278674729281914
15057,0.984988926097006,0.0009951631787106278,0.014015910724283435
15058,0.9900850474920423,0.0014778702631814357,0.008437082244776255
15059,0.48253664847453176,0.005126889795066166,0.512336461730402
15060,0.27478474004531717,0.018487852822153792,0.706727407132529
15061,0.9804526247740973,0.0017436475792899748,0.01780372764661284
15062,0.6599579136310135,0.006419486354468027,0.33362260001451854
15063,0.9852593758396374,0.003640799043860778,0.011099825116501708
15064,0.6172950085309419,0.000538384512074013,0.3821666069569841
15065,0.8885551048196141,0.002134719047759941,0.10931017613262602
15066,0.026978823820030483,0.0007125487774755623,0.972308627402494
15067,0.7517369096052626,0.027852231047057467,0.22041085934767982
15068,0.9325066086374226,0.018900871972127486,0.048592519390449986
15069,0.03960309217632051,0.0006323921613359202,0.9597645156623436
15070,0.7071425378896764,0.10010161112359625,0.19275585098672726
15071,0.6175282457043748,0.01313320652556339,0.36933854777006175
15072,0.638015796206292,0.18567832574502047,0.17630587804868758
15073,0.495514588447715,0.017786780814261355,0.4866986307380236
15074,0.9362587423121461,0.0037831724959084137,0.059958085191945495
15075,0.9540903624978979,0.005139545713378686,0.04077009178872339
15076,0.02906303413334681,0.012015032968916026,0.9589219328977371
15077,0.9795120586277679,0.005847308112333758,0.014640633259898474
15078,0.007990512688439089,0.0006092345277816538,0.9914002527837792
15079,0.9484331076326187,0.04163636605551468,0.009930526311866519
15080,0.9812998881762279,0.0010378328857559296,0.017662278938016158
15081,0.27532486597237504,0.002570418627439163,0.7221047154001857
15082,0.7864316406264672,0.0005840710518517883,0.21298428832168095
15083,0.9849154101005434,0.0010473199731224877,0.01403726992633414
15084,0.028919445198241567,0.00961346876054681,0.9614670860412116
15085,0.8457854719885923,0.007963391270407422,0.14625113674100024
15086,0.7539452226069197,0.01344099075810415,0.2326137866349761
15087,0.44349868121780844,0.014423872906588617,0.5420774458756029
15088,0.9443769006213053,0.010116161871864524,0.04550693750683018
15089,0.9815838758455792,0.008177847226489073,0.010238276927931956
15090,0.8905163488554841,0.003826259495749662,0.10565739164876606
15091,0.07717664478685973,0.004084776065149007,0.9187385791479913
15092,0.8111705274120333,0.01025623114824899,0.17857324143971776
15093,0.8324671239880715,0.006909286469055328,0.16062358954287315
15094,0.9784157564971936,0.002473954969794843,0.01911028853301153
15095,0.31745627588116065,0.0017867785294215924,0.6807569455894178
15096,0.9844839193944439,0.0034883127536596992,0.01202776785189643
15097,0.8306615050259322,0.002069851745013014,0.16726864322905483
15098,0.9291253688180817,0.003597995196846553,0.06727663598507168
15099,0.5403442567225752,0.004298343641780214,0.45535739963564464
15100,0.9530943546070921,0.0031148790596952436,0.043790766333212466
15101,0.9877682812885552,0.002044728939180126,0.01018698977226475
15102,0.965569144432413,0.00266292661854407,0.031767928949042776
15103,0.7719597021833504,0.038772925627386275,0.18926737218926326
15104,0.02175930070700962,0.000649454494536,0.9775912447984544
15105,0.756058821161585,0.00652510455447681,0.23741607428393838
15106,0.9027909748449529,0.016116364425254777,0.08109266072979218
15107,0.9707135206816654,0.0038453451921677466,0.025441134126166862
15108,0.03170497682585424,0.0003190775144306159,0.9679759456597151
15109,0.9301395092203129,0.00781029814957005,0.06205019263011724
15110,0.20427452380398284,0.07411074449564174,0.7216147317003754
15111,0.9250713318716433,0.008918455411866609,0.06601021271649014
15112,0.8544277452905111,0.0028488559751099593,0.14272339873437898
15113,0.9831170143633418,0.004062947725451033,0.012820037911207156
15114,0.9804716053173269,0.0016282848944503814,0.017900109788222734
15115,0.9121727971083362,0.04079117450849524,0.0470360283831686
15116,0.30931233410813697,0.0007335275623849824,0.6899541383294782
15117,0.00988178493645261,0.21045344548317477,0.7796647695803726
15118,0.9085035197354658,0.0027726854423234665,0.08872379482221059
15119,0.821029767631095,0.023462265322899262,0.15550796704600564
15120,0.9704693654673489,0.0059434532492827425,0.02358718128336824
15121,0.43569739832467913,0.0013802529071205503,0.5629223487682002
15122,0.1480083017022709,0.013110204966976154,0.8388814933307529
15123,0.6726036157573997,0.0007411040380724479,0.3266552802045278
15124,0.9687055824462311,0.0021773228014569978,0.02911709475231193
15125,0.36850391602334376,0.595046768287902,0.03644931568875415
15126,0.9289146733206701,0.0005572851916840739,0.07052804148764576
15127,0.9947512674412164,0.002042014986851724,0.0032067175719318777
15128,0.7277048624562324,0.001358583170132475,0.27093655437363495
15129,0.8569166121133408,0.005086644694623189,0.13799674319203606
15130,0.9297959714590873,0.016341853313544125,0.05386217522736862
15131,0.8302246356572133,0.006927926954674341,0.16284743738811236
15132,0.9579190635688544,0.009968254925108291,0.032112681506037445
15133,0.8327419559560028,0.002565233822688114,0.16469281022130905
15134,0.8374098667177422,0.03401157033640738,0.1285785629458505
15135,0.7163815018442296,0.020141702406828596,0.2634767957489418
15136,0.009619121198492097,0.0008205114348379529,0.98956036736667
15137,0.975790842301846,0.0037891537675989423,0.020420003930554945
15138,0.9812556035543207,0.00471318584014605,0.014031210605533303
15139,0.9682834035035403,0.013067431304271083,0.018649165192188625
15140,0.9131937121292126,0.012318861816254035,0.07448742605453335
15141,0.6320569888363191,0.004089145888379256,0.3638538652753016
15142,0.9434079370024758,0.040556627924134045,0.016035435073389993
15143,0.871921626669703,0.03697783707400831,0.09110053625628868
15144,0.30064944862036874,0.6761416968293801,0.023208854550251286
15145,0.7885178226507831,0.021679460630861017,0.18980271671835588
15146,0.63270843469074,0.016277250420779304,0.3510143148884806
15147,0.9219039623193612,0.0022863705947060095,0.07580966708593276
15148,0.859137240499577,0.06746483522291756,0.07339792427750548
15149,0.8074312535523495,0.019959870898209223,0.17260887554944135
15150,0.9871154708538022,0.00019364005348926797,0.012690889092708475
15151,0.7051056880893196,0.18265735847802592,0.11223695343265445
15152,0.9227305627993919,0.001302595891530383,0.07596684130907777
15153,0.07227863778331316,0.20681448351049272,0.7209068787061942
15154,0.055775012035971634,0.004712509060056304,0.9395124789039719
15155,0.43548888107919315,0.0002650291115812574,0.5642460898092256
15156,0.9974682385669055,0.00029037805379726687,0.0022413833792971974
15157,0.9966785905050817,0.0005896209174045519,0.0027317885775138408
15158,0.9836224006430299,0.00240945332698239,0.013968146029987655
15159,0.16642116960684641,0.004156294061414723,0.8294225363317389
15160,0.3107928788862902,0.029147042103582984,0.6600600790101269
15161,0.9930108089244549,0.00332558867669251,0.0036636023988525787
15162,0.9354435645372404,0.002172498119232006,0.062383937343527714
15163,0.06138438094641071,0.0004996320480819743,0.9381159870055074
15164,0.9106729808992702,0.010921262570688765,0.07840575653004113
15165,0.9563560895437039,0.006033337085779068,0.037610573370517056
15166,0.7652705097739188,0.006790267786662887,0.2279392224394184
15167,0.8897636622566486,0.04091164696938442,0.06932469077396698
15168,0.9324865850522019,0.004221719508539927,0.06329169543925824
15169,0.8082220874499563,0.004163225633811261,0.1876146869162326
15170,0.9725639878743083,0.0037248073422720958,0.02371120478341956
15171,0.9684478239197624,0.006857321398016301,0.024694854682221327
15172,0.7264478622535685,0.24626896004356733,0.027283177702864127
15173,0.9658503026469784,0.003917803908874667,0.030231893444147093
15174,0.989362765299244,0.0017005592447224998,0.008936675456033383
15175,0.9843915206578204,0.003437743026789169,0.01217073631539042
15176,0.9395182212090287,0.03345882745456746,0.027022951336403745
15177,0.9126816336822953,0.05743097166149264,0.02988739465621208
15178,0.9077876388033098,0.0058832027671626855,0.08632915842952743
15179,0.15511239134519783,0.0034754400284794733,0.8414121686263227
15180,0.5608705565667652,0.007968328297400592,0.43116111513583416
15181,0.5257935756322144,0.01350242129830497,0.46070400306948067
15182,0.9933908082136944,0.0016515711084554715,0.004957620677850169
15183,0.5535093220591429,0.0019473841285582482,0.4445432938122988
15184,0.8896152636100273,0.0026001689462742364,0.10778456744369845
15185,0.3980712247207303,0.02319069159290807,0.5787380836863616
15186,0.13481805225840018,0.002309653721416601,0.8628722940201832
15187,0.9123502138920674,0.002888296722152737,0.08476148938577989
15188,0.9779185128761728,0.0008516900650746978,0.021229797058752692
15189,0.5203644592421853,0.006249220354886258,0.47338632040292844
15190,0.04758563592013584,0.05530848121119282,0.8971058828686713
15191,0.807043312031797,0.07974874336577237,0.11320794460243053
15192,0.8791514951192901,0.04341209126013995,0.07743641362056987
15193,0.9893810043442406,0.0029609355578156605,0.007658060097943942
15194,0.9402737773176685,0.012150754104962599,0.04757546857736885
15195,0.7414100356987486,0.03471868249189178,0.22387128180935956
15196,0.954551287024129,0.004790295804112241,0.04065841717175878
15197,0.9081073183696775,0.01173219901330339,0.08016048261701914
15198,0.9494340827242216,0.006522675314289131,0.04404324196148931
15199,0.9625091033225883,0.0009067733909042729,0.03658412328650756
15200,0.910941051191756,0.005478435201302091,0.08358051360694203
15201,0.041798336334119335,0.0013743582550441275,0.9568273054108366
15202,0.945034792222207,0.012704336912094029,0.04226087086569906
15203,0.00734831597100537,0.0009940590429325328,0.991657624986062
15204,0.8209630063709624,0.02996031336098544,0.14907668026805215
15205,0.8699196243441272,0.06896125082811262,0.06111912482776023
15206,0.9400665283780131,0.00060022934133391,0.05933324228065303
15207,0.9646374872003822,0.0027890402282353616,0.03257347257138234
15208,0.01685559567298739,0.016198731868479956,0.9669456724585327
15209,0.97725846496485,0.006462346705992032,0.01627918832915783
15210,0.9757345214989125,0.00255286343635196,0.021712615064735492
15211,0.008484674045072832,0.001119865376426782,0.9903954605785005
15212,0.017807688843396122,0.025332841264706182,0.9568594698918976
15213,0.13262257077956327,0.06280838765519868,0.804569041565238
15214,0.007721050288066609,0.0001120756850448497,0.9921668740268884
15215,0.09064584560197013,0.024249651408969234,0.8851045029890607
15216,0.7762331705200864,0.00964199178528908,0.21412483769462445
15217,0.775517470037174,0.0235478252025536,0.20093470476027242
15218,0.5524147607632571,0.007209047163358552,0.44037619207338446
15219,0.9816485627273354,0.0012406334663054661,0.017110803806359168
15220,0.9889382978995362,0.0016954207265465024,0.00936628137391726
15221,0.9437879301340163,0.00695640513603087,0.04925566472995298
15222,0.7323597235539818,0.004192663831119838,0.26344761261489835
15223,0.22522686942789336,0.0017356213927462276,0.7730375091793604
15224,0.8585738428037448,0.0018310406232155895,0.13959511657303952
15225,0.8045951909100839,0.0032524723972188036,0.19215233669269724
15226,0.9046757201644118,0.0011299115594527033,0.0941943682761354
15227,0.9267585244786313,0.04976630734755731,0.02347516817381142
15228,0.5361348327654286,0.23765969367451759,0.22620547356005388
15229,0.6495907310990328,0.005373892504911655,0.34503537639605564
15230,0.27032340047757775,0.0022396850037253906,0.7274369145186967
15231,0.6010396779398732,0.2516351667186805,0.14732515534144622
15232,0.6572895560674791,0.02309319791506516,0.3196172460174557
15233,0.9149587019748469,0.010429500074698728,0.07461179795045439
15234,0.9878868592249395,0.007547550976290803,0.004565589798769713
15235,0.9832138781991451,0.0025372334501148927,0.014248888350739864
15236,0.9465282453252093,0.003399482347639761,0.050072272327151
15237,0.28350695583426605,0.10779408941301528,0.6086989547527186
15238,0.6278720537151322,0.3171894123219846,0.05493853396288308
15239,0.5997228559067628,0.2093225047307403,0.1909546393624971
15240,0.9734619713411755,0.0027429615022813965,0.02379506715654301
15241,0.9416834449769479,0.0037676898559529924,0.05454886516709912
15242,0.8118613608215247,0.0044461204765019885,0.18369251870197337
15243,0.993313762802863,0.0017381903828121948,0.004948046814324861
15244,0.9503131652235378,0.001534997352936472,0.04815183742352567
15245,0.17908597836868667,0.028074664994918373,0.7928393566363949
15246,0.4659714769003026,0.07401918785342287,0.4600093352462745
15247,0.9442066464802479,0.0023242780591415267,0.053469075460610443
15248,0.951322379849897,0.01709021883873787,0.03158740131136521
15249,0.8092802374425714,0.08700635595376989,0.10371340660365863
15250,0.30537921358671066,0.0011534555284794497,0.6934673308848099
15251,0.9340354527597613,0.006482213348446938,0.059482333891791805
15252,0.555830065887231,0.052684949577588666,0.3914849845351804
15253,0.7351587939828735,0.029055572950072564,0.2357856330670538
15254,0.9920187353946399,0.0013445182424745834,0.006636746362885518
15255,0.9812763255562115,0.0005639358835077194,0.018159738560280844
15256,0.09828698749820938,0.0018483166327945477,0.8998646958689961
15257,0.4015274598103543,0.06664605565176121,0.5318264845378845
15258,0.19314558033229373,0.08307515111318552,0.7237792685545207
15259,0.9711775574043202,0.0025775942629028136,0.026244848332776922
15260,0.1975997024226445,0.0016532936839201405,0.8007470038934353
15261,0.4201711940077197,0.034923777780063496,0.5449050282122169
15262,0.4940981076310812,0.12645935656648064,0.3794425358024382
15263,0.41293919394312883,0.02115163291654998,0.5659091731403211
15264,0.029022055508188385,0.7749115348867984,0.19606640960501318
15265,0.9941467293083714,0.0005043609666232505,0.005348909725005403
15266,0.9949362265159144,0.0015034885329167735,0.0035602849511688905
15267,0.03127968757539804,0.5568679170300169,0.41185239539458507
15268,0.7021380691976449,0.011146247173840702,0.2867156836285145
15269,0.8359665752392471,0.054957887499757115,0.10907553726099582
15270,0.4912230276749286,0.005725420629737946,0.5030515516953334
15271,0.028747373633911937,0.0017745757384062012,0.9694780506276819
15272,0.9859855185895499,0.0013835950790630877,0.012630886331387162
15273,0.01982285343062777,0.0008268272983226121,0.9793503192710495
15274,0.5084136548331246,0.004226454303666749,0.48735989086320863
15275,0.9266315785807825,0.0008184377724709655,0.07254998364674653
15276,0.008604155914074273,0.0004825159893123805,0.9909133280966135
15277,0.028178700484192784,0.0032388113443739706,0.9685824881714333
15278,0.7787453176953287,0.07327846337406156,0.14797621893060958
15279,0.4657584016263049,0.002843855986988342,0.5313977423867068
15280,0.7595154236903494,0.014705272012581384,0.22577930429706916
15281,0.018444778299990788,0.003771457989824005,0.9777837637101852
15282,0.030500500655533315,0.0015410331260636066,0.9679584662184031
15283,0.1007259037167503,0.009058530817171026,0.8902155654660786
15284,0.7728566102253481,0.010662450459614132,0.21648093931503773
15285,0.9590567006808512,0.00234108815747692,0.03860221116167198
15286,0.9744268936344637,0.0041407521340245685,0.021432354231511692
15287,0.9916287767027788,0.0010111581737037832,0.007360065123517436
15288,0.20938551684749301,0.0010121174296990718,0.789602365722808
15289,0.27629775276461294,0.012873550169274509,0.7108286970661126
15290,0.07324155012492069,0.01718659218184547,0.9095718576932338
15291,0.05160489006608072,0.008007572625159947,0.9403875373087593
15292,0.1361011770152807,0.006331868461549134,0.85756695452317
15293,0.8120840150558595,0.002018496286128955,0.18589748865801173
15294,0.8469044492734615,0.0264016972719422,0.1266938534545963
15295,0.8600293427564812,0.0006449313132728537,0.13932572593024592
15296,0.9980339261876605,0.0005063700009456971,0.0014597038113937561
15297,0.8357655638340928,0.14666001380639096,0.017574422359516187
15298,0.909400594378395,0.07581972757989104,0.014779678041714117
15299,0.962868893679448,0.011118884048583908,0.026012222271968154
15300,0.8395686675134355,0.0067680842616128075,0.15366324822495162
15301,0.5103621566968866,0.011519886360953491,0.47811795694215986
15302,0.008829024378424408,0.0012948637272259544,0.9898761118943497
15303,0.7323763290479025,0.14934712706296835,0.1182765438891292
15304,0.8888100735669715,0.004304405952279917,0.1068855204807486
15305,0.8689460469640559,0.012661886903403504,0.11839206613254054
15306,0.02460706171899151,0.009273447673093148,0.9661194906079154
15307,0.74663162280668,0.010385319426740728,0.24298305776657922
15308,0.8422825724150085,0.07360113866941045,0.0841162889155812
15309,0.9511109757057049,0.025117657385898527,0.023771366908396596
15310,0.9237890591595916,0.004261435187129782,0.07194950565327865
15311,0.815099943865993,0.008195093650390312,0.17670496248361672
15312,0.17679364467592285,0.004451123783185278,0.8187552315408919
15313,0.42426884883970706,0.011085135709029036,0.5646460154512639
15314,0.0006039043865545053,0.000851754331397253,0.9985443412820483
15315,0.004299152759792569,0.00047015270488276874,0.9952306945353246
15316,0.645938981314288,0.07089905134657322,0.28316196733913884
15317,0.8091980812287799,0.005707078541760977,0.18509484022945924
15318,0.016512769048587964,0.8154496168638213,0.16803761408759085
15319,0.03943320819837108,0.0027159491831478897,0.9578508426184811
15320,0.20056267422424381,0.15451061667593008,0.6449267090998261
15321,0.33125989357212043,0.0040486026941703186,0.6646915037337092
15322,0.16598843767985597,0.0037029494056225938,0.8303086129145215
15323,0.6194181537561101,0.0031077678923190177,0.3774740783515709
15324,0.9765753715603588,0.001785285515244219,0.02163934292439715
15325,0.9436935362733019,0.00138146601660712,0.05492499771009108
15326,0.9904869013601969,0.006479016290446002,0.0030340823493573395
15327,0.0035494531059914757,0.0002865677102013983,0.9961639791838071
15328,0.01595775193938017,0.0040629030581410056,0.9799793450024787
15329,0.8305065673603053,0.02195062256961558,0.14754281007007922
15330,0.7329215712099854,0.019254972921718252,0.2478234558682964
15331,0.9543962888406488,0.0030163223633995788,0.04258738879595174
15332,0.027107681655870706,0.0033414598557080467,0.9695508584884213
15333,0.9826877937017534,0.0015025978043256556,0.01580960849392085
15334,0.9897267239618576,0.001525240178953158,0.008748035859189244
15335,0.7695736863315054,0.003951788184558265,0.22647452548393632
15336,0.14155780163699375,0.13394610903931986,0.7244960893236865
15337,0.9400678343220245,0.003188347524367058,0.056743818153608586
15338,0.056931711015758696,0.004946951512145325,0.9381213374720959
15339,0.014609138898548198,0.000745633373416566,0.9846452277280352
15340,0.9755144471812174,0.0008376880351533103,0.023647864783629256
15341,0.9854791985214483,0.008669603010077973,0.005851198468473733
15342,0.8757815714699005,0.0324248841814457,0.09179354434865375
15343,0.9014280999179339,0.010689718585614237,0.08788218149645195
15344,0.5185207619738967,0.0031116596709534396,0.4783675783551497
15345,0.4831528135457743,0.04326533851968896,0.4735818479345367
15346,0.7073957477783863,0.02591359355733004,0.26669065866428376
15347,0.9769405761934372,0.005657431887493744,0.017401991919068972
15348,0.8918942074192293,0.001340709462732431,0.1067650831180383
15349,0.08479067465624361,0.004923266062797574,0.910286059280959
15350,0.9697014907529398,0.010651570432841796,0.01964693881421849
15351,0.6434601552295477,0.009921678573921797,0.3466181661965305
15352,0.6535016727698125,0.0034438672840925717,0.34305445994609496
15353,0.983203060373473,0.0006775212248087418,0.01611941840171819
15354,0.5425138962743554,0.0026562319119082826,0.45482987181373624
15355,0.01102819652727688,0.011059615556383151,0.9779121879163399
15356,0.47403124922256595,0.03323886330075111,0.49272988747668295
15357,0.20269622503097792,0.6447275592551153,0.15257621571390684
15358,0.8602675158471145,0.0094435353047577,0.13028894884812775
15359,0.6905530296631054,0.12260646242493964,0.186840507911955
15360,0.4583477172661853,0.015467641609200469,0.5261846411246142
15361,0.8602456915067324,0.0018948124967377595,0.1378594959965298
15362,0.9277475559933918,0.006137715459211123,0.0661147285473971
15363,0.0123663598808584,0.00034000342108276026,0.9872936366980588
15364,0.5788522260850295,0.03042193315813596,0.3907258407568345
15365,0.8584182742696531,0.004764063806094994,0.13681766192425188
15366,0.9090917617295322,0.0035388621747365094,0.08736937609573131
15367,0.2234839875373417,0.005718332170191149,0.7707976802924672
15368,0.9619285254728915,0.0058169790913802895,0.03225449543572802
15369,0.4751371008318647,0.0012959438802630171,0.5235669552878723
15370,0.09930702295525437,0.00656649466968865,0.8941264823750571
15371,0.831529777471787,0.10830574342903404,0.06016447909917886
15372,0.005131156567042656,0.014981066179825121,0.9798877772531324
15373,0.9838821877927513,0.002857825922446692,0.013259986284801921
15374,0.9726442041481094,0.010583909552691867,0.016771886299198787
15375,0.2634957985807333,0.007191629362942348,0.7293125720563244
15376,0.5492772170421856,0.008646016612967227,0.44207676634484727
15377,0.025217347975461726,0.0028134148230440996,0.9719692372014942
15378,0.000767574224061943,0.00012766790471838095,0.9991047578712197
15379,0.7298631325221597,0.021402400531430797,0.2487344669464094
15380,0.9501322983275167,0.006506680501672723,0.04336102117081052
15381,0.012030485069859952,0.0045387481325890626,0.9834307667975509
15382,0.6719572802299455,0.005807577539714396,0.3222351422303402
15383,0.06530277842922481,0.0016496472171470275,0.9330475743536282
15384,0.9673820936720824,0.018088224471026863,0.01452968185689078
15385,0.8935004401718432,0.0030902174756676716,0.10340934235248916
15386,0.3514907174543635,0.6197970667041299,0.028712215841506485
15387,0.8465260298625759,0.007548149949892846,0.14592582018753142
15388,0.553044727835486,0.0038543372729769403,0.443100934891537
15389,0.005307819133135322,0.001764359605428497,0.9929278212614361
15390,0.10538680704050052,0.0012063843267556816,0.8934068086327438
15391,0.9964532483619187,0.0004389420176259701,0.0031078096204552506
15392,0.36395619366812315,0.006107032141015706,0.6299367741908611
15393,0.9808252810353062,0.0036814473496689336,0.015493271615024914
15394,0.9844459619254908,0.001438468163761866,0.014115569910747373
15395,0.9484810498697119,0.0029230483458847372,0.04859590178440337
15396,0.16772370719864135,0.009718702774777512,0.8225575900265811
15397,0.9620199712030487,0.0016144035132765017,0.036365625283674596
15398,0.9034866410795069,0.008500901110079123,0.08801245781041381
15399,0.008998584484016137,0.0015142756151813954,0.9894871399008025
15400,0.7218263175107948,0.06287928740283431,0.21529439508637088
15401,0.9746773490763803,0.0016233116836022964,0.023699339240017638
15402,0.9325814789006878,0.007359226296233437,0.06005929480307861
15403,0.9367938275509675,0.004708818978691098,0.058497353470341414
15404,0.6320439337348535,0.01540344135809345,0.3525526249070532
15405,0.9422593773124622,0.019838868439462056,0.037901754248075625
15406,0.9275660777730983,0.0033803424487550277,0.06905357977814647
15407,0.9177731473707417,0.007286900511604285,0.074939952117654
15408,0.9367894955884729,0.006155790313573813,0.05705471409795331
15409,0.8388514440379322,0.011456486644899792,0.14969206931716808
15410,0.9551419082300355,0.009518847205318162,0.0353392445646462
15411,0.7638011941253994,0.004082082364950566,0.23211672350965018
15412,0.5526797989030362,0.013783264988337854,0.4335369361086259
15413,0.9429718993528872,0.0010302290792809769,0.05599787156783186
15414,0.8879755346258191,0.010776874019599963,0.10124759135458075
15415,0.8214356022445719,0.02282422961721874,0.15574016813820954
15416,0.39150116056536116,0.0022862992385451787,0.6062125401960937
15417,0.9263077693174447,0.006663877339670435,0.06702835334288487
15418,0.42471778612245836,0.009417160122490784,0.5658650537550508
15419,0.6542238905163704,0.04552039074719552,0.30025571873643403
15420,0.972241811553749,0.013040352516749096,0.014717835929501934
15421,0.8809796652929525,0.019637748377434688,0.09938258632961286
15422,0.8264057326229045,0.0024374478968243814,0.17115681948027117
15423,0.9954870598450556,0.00013381188207351984,0.00437912827287094
15424,0.07328367831027462,0.03200550258246781,0.8947108191072577
15425,0.003390821526615978,0.0008617349778216882,0.9957474434955624
15426,0.460001756830463,0.011463756803291075,0.5285344863662459
15427,0.8016916440466612,0.1307540027783472,0.06755435317499169
15428,0.9217171344846596,0.0034559726519003665,0.07482689286343999
15429,0.8332636951035862,0.004065367449406737,0.16267093744700706
15430,0.9923763759144147,0.003154089917829284,0.004469534167755974
15431,0.9497778826128966,0.0025401020968220697,0.04768201529028117
15432,0.9552420144516794,0.013890783882519424,0.030867201665800977
15433,0.8785209343412268,0.00280648782184248,0.11867257783693075
15434,0.8781601795774351,0.07448046375654424,0.04735935666602062
15435,0.22248406119622816,0.015986644305028178,0.7615292944987437
15436,0.003397837422609405,0.02063130606251434,0.9759708565148764
15437,0.986005350556131,0.0014866064097932728,0.012508043034075746
15438,0.9676665929360005,0.007103089476258851,0.02523031758774056
15439,0.9696366226370567,0.017628902790925213,0.012734474572018071
15440,0.9882902236958441,0.0029091908985494873,0.008800585405606375
15441,0.9905585519424627,0.00032975298226018866,0.009111695075277223
15442,0.23009756026051584,0.02741662232567334,0.7424858174138107
15443,0.9378270859585932,0.0009323406653561072,0.06124057337605071
15444,0.024266991521100414,0.0012756072974421388,0.9744574011814575
15445,0.9296525042698984,0.01493830005871267,0.05540919567138911
15446,0.9716336084183086,0.0007174310210608445,0.02764896056063044
15447,0.9455604182729204,0.005055245772868343,0.04938433595421125
15448,0.9682282141374231,0.001777730825128569,0.02999405503744837
15449,0.18410308580570584,0.365619794371595,0.45027711982269913
15450,0.25327148258489063,0.002723864042724816,0.7440046533723845
15451,0.6471587031467152,0.011856495412087236,0.3409848014411976
15452,0.97009969082094,0.01475976752067065,0.015140541658389439
15453,0.9737337643509152,0.0006555652127537708,0.025610670436330897
15454,0.8604987307314991,0.008371052328368118,0.13113021694013272
15455,0.0828682872762548,0.0053893692596471065,0.9117423434640981
15456,0.7478910007821971,0.003393614306155815,0.24871538491164705
15457,0.9526449481479358,0.0045957449225615885,0.042759306929502736
15458,0.5697019798222536,0.003917217548914516,0.42638080262883193
15459,0.010282908873818547,0.0017606951487967408,0.9879563959773847
15460,0.9951874827171682,0.000673222387476352,0.004139294895355607
15461,0.9578757009754486,0.013084170343681057,0.029040128680870376
15462,0.8178206619761499,0.028747817637102664,0.1534315203867474
15463,0.01341189911148193,0.0005525623924613512,0.9860355384960567
15464,0.669749654497965,0.005338886802209592,0.32491145869982535
15465,0.9570980448704087,0.0010562851007086325,0.0418456700288827
15466,0.9517401557388885,0.023558826503521067,0.02470101775759055
15467,0.012520722003912594,0.003347036177592146,0.9841322418184953
15468,0.9858530794477407,0.00024165946863994236,0.013905261083619367
15469,0.9643517070608555,0.001890256661345191,0.03375803627779923
15470,0.9845611305003741,0.0011889081358479072,0.01424996136377792
15471,0.9281950606759991,0.023509231634628605,0.048295707689372254
15472,0.003025658130987377,0.0004492433669327163,0.9965250985020798
15473,0.9615246689700983,0.0014616539793390942,0.03701367705056256
15474,0.9559084109987815,0.0029896411530642352,0.04110194784815424
15475,0.8553402078289539,0.006486208580567039,0.13817358359047896
15476,0.8826918028479852,0.008067147455758133,0.1092410496962566
15477,0.23858971148312405,0.0037363914234345764,0.7576738970934414
15478,0.9824030418717509,0.001290141116802784,0.016306817011446376
15479,0.9647139762590694,0.003878557391173194,0.0314074663497574
15480,0.4533821776762957,0.12128629889251097,0.4253315234311933
15481,0.5169692217340719,0.002991135694589102,0.48003964257133896
15482,0.9901058723785847,0.0034008961084559222,0.006493231512959275
15483,0.9589287885738682,0.005715052642273055,0.03535615878385867
15484,0.9820927899671393,0.001441203020472283,0.016466007012388508
15485,0.9428375012418525,0.028634721871843943,0.028527776886303622
15486,0.9721235212833395,0.003281890833413969,0.02459458788324652
15487,0.9847728606159875,0.0019588223942371605,0.013268316989775425
15488,0.9436978996150768,0.0005218396903803002,0.05578026069454298
15489,0.9772482787324792,0.001218173366717355,0.021533547900803477
15490,0.8978762916406048,0.0037086911324304543,0.09841501722696462
15491,0.9623257847403178,0.006808870203920133,0.03086534505576199
15492,0.7052651971377706,0.0014066032941882926,0.29332819956804124
15493,0.00328220214577891,0.0007009997931230245,0.9960167980610981
15494,0.9499399010408192,0.023837725502230588,0.026222373456950124
15495,0.9500825421657053,0.014734404069818623,0.03518305376447609
15496,0.04036191306001186,0.0014537762275197406,0.9581843107124685
15497,0.9185132533273046,0.0026380582767531486,0.07884868839594214
15498,0.8963400092509722,0.05341185004972161,0.05024814069930619
15499,0.9427737542570922,0.00607989653403334,0.05114634920887427
15500,0.7871375247322479,0.003853585517908407,0.20900888974984377
15501,0.8288911013917013,0.008107475759114751,0.1630014228491838
15502,0.21961742371659265,0.0030269095522268002,0.7773556667311804
15503,0.8862455636867554,0.009994170781834864,0.10376026553140966
15504,0.9882041811567949,0.002755985284567882,0.009039833558637364
15505,0.9878085874059015,0.002685588037259145,0.009505824556839279
15506,0.004217888610482779,0.0039062994426366906,0.9918758119468806
15507,0.9621119289570755,0.015409310541578531,0.02247876050134585
15508,0.9928940454568285,0.0008474459246635821,0.006258508618508054
15509,0.26268880801186023,0.030522089517092853,0.706789102471047
15510,0.4342510845634344,0.019668487831238153,0.5460804276053274
15511,0.9573356306639494,0.0039683881506996236,0.038695981185351
15512,0.6482362924634678,0.09059047307834658,0.2611732344581857
15513,0.9378797520313366,0.0038283407418753944,0.05829190722678809
15514,0.8745103075822882,0.021951184873495642,0.10353850754421612
15515,0.9148573597390143,0.017542860609128488,0.06759977965185723
15516,0.9570476135883073,0.0029812605907103126,0.03997112582098247
15517,0.008195360914401355,0.0004022216871386526,0.9914024173984601
15518,0.9846574744978707,0.005653989595042418,0.009688535907086966
15519,0.8790334581154984,0.0037897604621486714,0.1171767814223529
15520,0.9948180935516416,0.002071702371499768,0.0031102040768585895
15521,0.6299734712058533,0.009706532894016084,0.3603199959001306
15522,0.965019700285417,0.02605783625332898,0.008922463461253872
15523,0.18548773569721042,0.002404385638508882,0.8121078786642807
15524,0.8447456150663558,0.06589821314838551,0.08935617178525866
15525,0.6510910988111321,0.0033250964498846257,0.3455838047389833
15526,0.9306615790047948,0.008229971125087162,0.061108449870118146
15527,0.9934059276208302,0.0006181216135814761,0.005975950765588247
15528,0.9783089330192204,0.004404347525054923,0.017286719455724568
15529,0.9025846834327803,0.0033118698796177886,0.09410344668760195
15530,0.8162337969451325,0.001914691013905569,0.18185151204096184
15531,0.962965315268163,0.00625028770764739,0.030784397024189634
15532,0.9240464950422285,0.007521258416714014,0.06843224654105759
15533,0.8636826323926241,0.011769626445872497,0.12454774116150343
15534,0.15400403035463037,0.004781393330186633,0.8412145763151829
15535,0.8573155392272876,0.0034553901688113417,0.139229070603901
15536,0.25553704693754475,0.013892813441001552,0.7305701396214537
15537,0.97666785895958,0.011063935868978669,0.012268205171441279
15538,0.025795619614507565,0.05639219092483398,0.9178121894606585
15539,0.7337336967321135,0.003069644973420024,0.26319665829446637
15540,0.7500967439986358,0.1475055079403176,0.10239774806104653
15541,0.2772547784411243,0.01711510770975425,0.7056301138491216
15542,0.9605717272791381,0.008048795774074762,0.031379476946787145
15543,0.04817758680273143,0.0024680455649162647,0.9493543676323523
15544,0.9643178588322577,0.0028502086923807455,0.03283193247536147
15545,0.05116153843965099,0.008798795612201494,0.9400396659481476
15546,0.08047813397713381,0.018845702431108318,0.900676163591758
15547,0.721058655232444,0.056161752736237046,0.22277959203131895
15548,0.8162930071761485,0.004005402190145597,0.1797015906337059
15549,0.8525920703379701,0.0031052498483075484,0.1443026798137224
15550,0.001157085768121426,4.499958688785187e-05,0.9987979146449907
15551,0.7531993675970229,0.014417239289455241,0.2323833931135219
15552,0.8939227097584665,0.04454659483847476,0.06153069540305864
15553,0.21914740613053188,0.061944058689887185,0.718908535179581
15554,0.9570002342642033,0.0008319136436752101,0.04216785209212135
15555,0.15420460620688728,0.010567975111960587,0.835227418681152
15556,0.0042769959634483,0.0007057107957260167,0.9950172932408257
15557,0.9467080607874305,0.0023438799974412963,0.050948059215128225
15558,0.9597128863594099,0.00402026640979656,0.03626684723079354
15559,0.8810073795895624,0.02957971670239723,0.08941290370804025
15560,0.9462018197293246,0.04222090676905627,0.011577273501619167
15561,0.026976863825036973,0.0008326206428428793,0.9721905155321202
15562,0.7168926461700166,0.0015020847701129878,0.2816052690598703
15563,0.2484646777203941,0.002301698624088721,0.7492336236555172
15564,0.7772685105266054,0.01067413537894176,0.2120573540944528
15565,0.06248335103329875,0.010319916648043567,0.9271967323186577
15566,0.30316899999669555,0.019334708359452103,0.6774962916438523
15567,0.9869881942292986,0.009261610732761012,0.0037501950379402807
15568,0.9957130091646591,0.0015240969876071857,0.00276289384773361
15569,0.4237618300850541,0.010684359954423565,0.5655538099605223
15570,0.8509580220009124,0.014009590811677013,0.13503238718741056
15571,0.8180806876221101,0.013852938136065357,0.16806637424182466
15572,0.6534023117058844,0.020713587437564147,0.32588410085655145
15573,0.003782764096315636,0.0002933041189273886,0.9959239317847569
15574,0.8997521707179373,0.0028549629798465047,0.09739286630221626
15575,0.00651943374372485,0.01048879225674223,0.9829917739995329
15576,0.9059173678415068,0.002269160122440126,0.0918134720360532
15577,0.027057977779514263,0.005564199893800254,0.9673778223266856
15578,0.8509106747100766,0.006758803987039889,0.14233052130288354
15579,0.9418759319003662,0.0013533777257925966,0.056770690373841186
15580,0.6056424422132093,0.019127791213687594,0.3752297665731031
15581,0.0054537209180502925,0.005374090518798544,0.9891721885631511
15582,0.004560462547486235,0.0009246482289293092,0.9945148892235844
15583,0.899650767363198,0.004635210626327766,0.09571402201047413
15584,0.9726720362274763,0.0054483444312599955,0.021879619341263805
15585,0.9157212251159615,0.045839878577609385,0.03843889630642894
15586,0.9843837231880086,0.0015463844971141307,0.014069892314877284
15587,0.4444594212622153,0.0035687417454684377,0.5519718369923162
15588,0.9937815303479417,0.002543573274563357,0.0036748963774949164
15589,0.8794095278568028,0.0070854369870790735,0.11350503515611804
15590,0.09729258500016892,0.0024386718803951586,0.9002687431194359
15591,0.9549343406366061,0.0029956423482478223,0.04207001701514605
15592,0.9478850860126812,0.001211019258254353,0.05090389472906437
15593,0.15683326864616154,0.003152310511321148,0.8400144208425173
15594,0.015652806259512174,0.0008697437091574267,0.9834774500313305
15595,0.08556169731162164,0.059331930616404085,0.8551063720719743
15596,0.2968422238942612,0.01543413386837069,0.6877236422373681
15597,0.43789766151690446,0.5402174566894381,0.021884881793657565
15598,0.7273854705388165,0.03781340569471248,0.23480112376647103
15599,0.9622782846825533,0.0013258497607507116,0.036395865556696064
15600,0.843615896000914,0.005431203062555161,0.1509529009365309
15601,0.06903222186859835,0.035286006203963015,0.8956817719274387
15602,0.9462221089454104,0.0022520673936073446,0.05152582366098235
15603,0.06228437915109682,0.0030152232822108563,0.9347003975666923
